8191
40956
2
8194
8195
5
6
7
8
9
10
11
12
13
14
15
16
17
18
19
20
21
22
23
24
25
26
27
28
29
30
31
32
33
34
35
36
37
38
39
40
8232
8233
8234
8235
45
46
47
48
49
50
51
52
53
54
55
56
57
58
59
60
61
62
63
64
65
66
67
68
69
70
71
72
41028
74
75
76
77
78
79
80
81
82
83
84
85
86
87
88
89
90
91
92
93
94
95
96
97
98
99
100
101
102
103
104
105
106
107
41063
109
110
111
112
113
114
115
116
117
118
119
120
121
122
123
124
125
126
127
128
129
130
131
132
133
134
135
136
41092
138
139
140
141
142
143
144
145
146
147
148
149
150
151
152
153
154
155
156
157
158
159
160
161
162
163
164
165
166
167
168
169
170
171
172
173
174
175
176
177
178
179
180
181
182
183
184
185
186
187
188
189
190
191
192
193
194
195
196
197
198
199
200
201
202
203
204
205
206
207
208
209
210
211
212
213
214
215
216
217
218
219
220
221
222
223
224
225
226
227
228
229
230
231
232
233
234
235
236
237
238
239
240
41196
41197
243
244
245
246
247
248
249
250
251
252
253
254
255
256
257
258
41214
41215
261
262
263
264
265
266
267
268
269
270
271
272
273
274
275
276
277
278
279
280
281
282
283
284
285
286
287
288
289
290
291
292
293
294
295
296
297
298
299
41255
301
302
303
304
305
306
307
308
309
310
311
312
313
314
315
41271
317
318
319
320
321
322
323
324
325
8517
8518
328
329
330
331
332
333
334
335
336
337
338
339
340
341
342
343
344
345
346
347
348
349
350
351
41307
353
354
355
356
357
358
359
360
361
362
363
364
365
366
367
368
369
370
371
372
373
374
375
376
377
378
379
380
381
382
383
384
385
386
387
388
389
41345
391
392
393
394
395
396
397
398
399
400
401
8593
403
404
405
41361
407
408
409
410
411
412
413
414
415
416
417
418
419
420
421
422
423
424
425
426
427
428
429
430
431
432
433
434
435
436
437
438
439
440
441
442
443
444
445
446
447
448
449
450
451
452
453
454
455
456
457
458
459
460
461
41417
463
464
465
466
467
468
469
470
471
472
473
474
475
476
477
478
479
480
481
482
483
484
485
486
487
488
489
41445
491
492
493
494
495
496
41452
498
499
500
501
502
503
504
505
506
507
508
509
510
511
512
513
514
515
516
517
518
519
520
521
522
523
524
525
526
527
528
529
530
531
532
533
41489
535
536
537
538
539
540
541
542
543
544
545
546
547
41503
549
550
551
552
553
554
555
556
557
558
559
560
561
562
563
564
565
566
567
568
569
570
571
572
573
574
575
576
577
578
579
580
581
582
583
584
585
586
587
588
589
590
591
592
593
594
595
596
597
598
599
600
601
602
603
604
605
606
607
608
609
610
611
8803
613
614
615
616
617
618
619
41575
621
622
623
624
625
626
627
628
629
630
631
632
633
634
635
636
637
638
639
640
641
642
643
644
645
646
647
648
649
650
651
652
653
654
655
656
657
658
659
660
661
662
663
664
665
666
667
668
669
670
671
672
673
674
675
676
677
678
679
680
681
682
683
684
685
686
687
688
689
690
691
692
693
694
695
696
697
698
699
700
701
702
703
704
705
706
707
708
709
710
711
712
713
714
715
716
717
718
719
720
721
722
723
724
725
726
727
728
729
730
731
732
733
734
735
736
737
738
739
8931
741
742
743
744
745
746
747
748
749
750
751
752
753
754
755
756
757
758
759
760
761
762
763
764
765
766
767
768
769
770
771
772
773
41729
775
776
777
778
779
780
781
782
783
784
41740
786
787
788
789
790
791
792
793
794
795
41751
41752
41753
41754
41755
41756
41757
41758
804
805
806
8998
808
809
810
811
812
813
814
815
816
817
818
819
9011
821
822
823
824
825
826
827
828
829
830
831
832
833
834
835
836
837
838
41794
840
841
842
843
844
845
846
847
848
849
850
851
852
853
854
855
50002
857
858
9050
860
861
862
863
864
865
866
867
868
869
870
871
872
873
874
875
876
877
878
879
880
881
882
883
884
885
886
887
888
889
890
891
892
893
894
895
896
897
898
899
900
901
902
903
41859
905
906
907
908
909
910
911
41867
913
914
915
916
917
918
919
920
921
922
923
924
925
926
927
928
929
930
931
932
933
934
935
936
937
938
939
940
941
942
943
944
945
947
948
949
950
951
952
953
954
955
956
957
958
959
960
961
962
963
964
965
966
967
968
969
970
971
972
973
974
975
976
977
978
979
980
981
982
983
984
985
986
9179
990
991
992
993
994
995
996
997
998
1000
1001
1002
1003
1004
1007
1008
1009
1010
1011
1012
1013
1014
1015
1016
1017
1018
1019
1020
1021
1022
1023
1024
1025
1026
1027
1028
1029
1030
1031
1032
1033
1034
1035
1036
1037
1038
1039
1040
1041
1042
1043
1044
1045
1046
1047
1048
1049
1050
1051
1052
1053
1054
1055
1056
1057
1058
1059
1060
1061
1062
1063
1064
1065
1066
1067
1068
1069
1070
1071
1072
1073
1074
1075
1076
1077
1078
1079
1080
1081
1082
1083
1084
1085
1086
1087
1088
1089
1090
1091
1092
1093
1094
1095
1096
1097
1098
1100
1101
1102
1103
1104
1105
1106
1107
1108
1109
1110
1111
1112
1113
1114
1115
1116
1117
1118
1119
1120
1121
1122
1123
1124
1125
1126
1127
9319
9320
1130
1131
1132
1133
1134
1135
1136
1137
1138
1139
1140
1141
1142
1143
1144
1145
1146
1147
1148
1149
1150
1151
1152
1153
1154
1157
1158
1159
1160
1164
50311
1166
1167
1168
1169
1170
1171
1172
1173
50320
1175
1176
1177
1178
1179
1180
1181
1182
1183
1184
1185
1186
1187
1188
1189
1190
1191
1192
1193
1194
1195
1196
1197
1198
1199
1200
1201
1202
1203
1204
1205
1206
1218
1219
1220
1221
1222
9415
9416
9419
9422
1238
1239
1240
1241
1242
1243
1244
1245
1246
1247
1248
1249
1250
1251
1252
1253
1258
1259
1260
1261
1262
1264
1265
1266
1267
1268
1269
1270
1271
1273
1274
1275
1276
1282
1284
1285
1286
1287
1288
1289
1301
1302
1318
1319
1320
1321
1322
1323
1324
1338
1339
1358
1359
1360
1361
1362
1363
1364
1365
1366
1367
1368
1369
1370
1371
1372
1373
1374
1375
1380
1381
1382
1383
1384
1385
1386
1387
1388
1389
1390
1391
1392
1393
1394
1395
1396
1398
1418
1419
1420
1421
1422
1423
1424
1425
1426
1427
1428
1429
1430
1431
1432
1433
1434
1435
1436
1437
1438
1439
1440
1442
1444
1445
1446
1447
1448
1449
1450
1451
1452
1453
1454
1455
1456
1457
1458
1459
1462
1463
1464
1465
1466
1467
1468
1469
1470
1471
1472
1473
1474
1475
1476
1477
1478
1479
1480
1481
1482
1483
1484
1485
1486
1487
1488
1489
1490
1491
1492
1498
1499
1501
1502
1503
1504
1505
1506
1507
1508
1509
1510
1511
1512
1513
1514
1515
1516
1517
1518
1519
1520
1521
1522
1523
1524
1525
1526
1527
1528
1529
1530
1531
1532
1534
1535
1536
1558
1559
1560
140821
1578
1579
1580
1581
1582
1598
1599
1618
1638
1639
1640
1641
1642
1643
1644
1645
1646
1647
1648
1649
1650
1651
1652
1653
1654
1655
1656
1657
1658
1661
1665
1666
1667
1678
1679
1680
1681
1682
1683
1684
1685
1686
1687
1688
1689
1690
1691
1692
1693
1698
1699
1700
1701
1702
1703
1704
1705
1706
1707
1708
1709
1710
1711
1712
1713
1714
1715
1716
1717
1718
1719
1738
1739
1740
1758
1778
1779
1780
1781
1782
1783
1784
1785
1786
1787
1788
1789
1790
1791
1792
1793
1794
1795
1796
1798
1799
1800
1801
1802
1803
1804
1805
1806
1818
1819
1820
1821
1822
1823
1824
1825
1838
1839
1840
1841
1842
1843
1844
1845
1846
1847
1848
1858
1859
1860
1861
1878
1879
1880
1881
1882
1883
1884
1885
1886
1898
1899
1918
1919
1920
1921
1938
1939
1940
1941
1942
1943
1944
1945
1946
1947
1948
1949
1950
1951
1952
1953
1954
1955
1956
1957
1958
1959
1960
1961
1962
1963
1978
1998
1999
2038
2039
2040
2041
2078
2098
2118
2138
2139
2158
2159
2160
2161
2178
2198
2199
2200
2201
2202
2203
2204
2205
2206
2218
2238
2239
2240
2241
2242
2258
2259
2260
1140820
2278
2279
2280
2281
2282
2283
2284
2298
2299
2300
2318
2338
2339
2340
2341
2342
2358
2359
2360
2361
2378
2379
2380
2381
2382
2383
2398
2399
2418
2438
2439
2440
2458
2459
2460
2478
2479
2480
2498
2499
2500
2501
2518
2519
2520
2521
2522
2523
2541
2561
2581
2582
2583
2584
2585
2586
2601
2602
2603
2604
2605
2606
2607
2608
2609
2621
2622
2623
2641
2661
2662
60005
60007
60008
60009
60010
60011
60012
60013
2681
60020
60030
60031
60032
60033
60034
60035
60036
2701
2702
60040
60041
60042
60050
2721
60060
60061
60065
60070
60071
60072
60073
60074
2741
2742
2743
2744
2745
2746
2747
2748
2749
2750
2751
2752
2753
2754
2755
2756
2757
2758
2759
2760
2761
2762
2763
2764
2765
2766
2767
2768
2769
2770
2771
2772
2773
60111
60112
60113
60114
60115
60116
60117
2781
2782
2783
2784
60122
60124
60125
60130
60131
60132
60133
60134
60135
60137
2801
60139
60140
60141
60142
60143
60145
60147
60148
60150
60152
60153
60154
60155
2821
2822
60160
60161
60162
60163
2841
2842
2843
2844
2845
2846
2847
2848
2849
2850
2851
2852
2853
2854
2855
2856
2857
2858
2859
2860
2861
2862
2863
2864
2865
2866
2867
2869
2870
2871
2872
2873
2874
2875
2876
2877
2878
2879
2880
2881
2882
2902
2903
2904
2922
2923
2924
2925
2926
2927
2928
2929
2930
2931
2932
2933
2934
2935
2936
2937
2938
2939
2940
2941
2942
2943
2944
2945
2946
2947
2948
2949
2950
2951
2952
2953
2954
2962
2963
2964
2965
2966
2967
2968
2969
2970
2972
2973
2974
2975
2976
2977
2978
2979
2980
2981
2982
2983
2984
2985
2986
2987
2988
2989
2990
2991
2992
2993
2994
2995
2996
2997
2998
2999
3000
3001
3002
3022
3042
3062
3063
3065
3082
3083
3084
3085
3086
3087
3088
3089
3090
3091
3092
3093
3094
3095
3096
3097
3098
3099
3100
3101
3102
3103
3104
3105
3106
3107
3108
3109
3110
3111
3112
3113
3114
3115
3116
3117
3118
3119
3120
3121
3122
3123
3124
3125
3126
3127
3128
3129
3130
3141
3161
3181
3182
3201
3221
3261
3281
3301
3321
3341
3361
3362
3363
3364
3365
3366
3367
3368
3369
3370
3371
3372
3373
3374
3375
3376
3377
3378
3379
3380
3381
3382
3385
3402
3421
3441
3442
3443
3444
3445
3446
3447
3448
3449
3450
3451
3452
3453
3454
3461
3462
3463
3481
3482
3483
3501
3502
3503
3504
3505
3506
3507
3508
3509
3510
3511
3512
3513
3514
3517
3518
3519
3520
3521
3522
3523
3524
3525
3526
3527
3528
3541
3542
3561
3562
3563
3564
3565
3566
3567
3568
3569
3570
3578
3579
3580
3581
3601
3602
20000
20001
20002
3621
20004
20005
20006
3625
3626
3627
3628
3629
3630
3631
3632
3633
3634
3635
3636
3637
3638
3639
3640
3641
3642
3643
3644
3645
3646
3647
3661
3681
41821
41822
41823
41880
41881
41897
41896
41895
41894
41893
3701
3702
41892
41891
41890
41889
41888
41887
41886
41885
41884
41372
41371
41370
41369
41879
41878
41877
41876
41875
3721
41874
41873
41872
41871
41870
41869
41868
41866
41865
41864
41863
41862
41861
41860
41858
41857
41856
41855
41854
3741
41853
41852
41851
41850
41849
41848
41847
41846
41845
41844
41843
41842
41841
41840
41883
41838
41837
41836
41835
3761
3762
3763
3764
3765
41834
41833
41832
41831
41830
41829
41828
41827
41826
41825
41824
41312
41311
41310
41820
3781
3782
3783
3784
3785
3786
3787
3788
3789
3790
3791
3792
41819
41818
41817
41816
41815
41814
41813
41812
3801
3802
3803
3804
41811
41810
41809
41808
41807
41806
41805
41804
41803
41802
41801
41800
41799
41798
41797
41796
3821
3822
3823
3824
3825
41795
41793
41792
41791
41790
41789
41788
41787
41786
41785
41784
41783
41782
41781
41780
3841
3842
3843
3844
3845
41779
41778
41777
41776
41775
41774
41773
41772
41771
41770
41769
41768
41767
41766
41765
3861
41764
41763
41762
41761
41760
41759
41750
41749
41748
41747
41746
41882
41742
41741
41739
41738
41737
41736
41735
3881
3882
3883
3884
41734
41733
41732
41731
41730
41728
41727
41726
41725
41724
41723
41722
41721
41720
41719
3901
3902
3903
3904
3905
3906
3907
3908
3909
41718
3912
3913
3914
41717
41716
41712
41711
41710
41709
3921
3922
3923
3924
41708
41707
41706
41705
41704
41703
41702
41701
41700
41699
41698
41697
41696
41695
41694
41693
3941
3942
41692
41691
41690
41689
41688
41687
41686
41685
41684
41683
41682
41681
41680
41679
41678
41677
41676
41675
3961
3962
41674
41673
41672
41671
41670
41669
41668
41667
41666
41665
41664
41663
41662
41661
41660
41659
41658
41657
3981
3982
41656
41648
41647
41646
41645
41644
41643
41642
41641
41640
41639
41638
41637
41636
41635
41634
41577
41395
4001
4002
4003
4004
4005
40947
40946
40945
8193
8196
8201
8221
8222
8223
8224
8225
8227
40917
8229
8231
4021
4022
4023
4024
8236
8238
8239
8240
8241
8243
8246
8249
8250
8251
8252
8253
8254
8255
8256
8257
4041
8258
8260
8261
8262
8263
8264
8265
8266
8267
8268
8269
8271
8272
8273
40829
40828
40827
40826
40825
4061
4062
4063
40824
40823
40822
40821
40820
40812
8275
8276
8277
8278
8279
8280
8281
8282
8283
8284
8285
4081
4082
4083
4084
8286
8287
8288
8289
8290
8291
8292
8293
8294
8295
8296
8297
8298
8299
8300
8301
4101
4102
4103
4104
4105
4106
4107
4108
4109
4110
4111
4112
4113
4114
4115
4116
4117
4118
4119
4120
4121
4122
4123
4124
4125
4126
4127
4128
4129
4130
4131
4132
4133
4134
4135
4136
8302
8303
8304
8305
4141
4142
4143
4144
4145
4146
4147
4148
8306
40765
8307
8308
8309
8310
8311
8312
8313
8314
8315
8316
4161
8317
8318
8319
8322
8323
8324
8331
40745
8332
8333
8341
8342
8343
8348
8349
8351
8352
8353
8354
4181
4182
4183
4184
4185
4186
8355
8356
8357
8358
8359
8360
8361
8362
8363
8364
8365
8366
8367
8368
4201
8369
8370
8371
8372
8373
8374
8375
40710
40709
40708
40707
40706
40705
40704
40703
40702
40701
40700
40699
4221
4222
4223
4224
40698
40697
40696
40695
40694
40693
40692
40691
8376
8377
8378
8379
8380
8381
8382
8383
4241
4242
4243
4244
4245
8384
8385
8386
8387
40671
8388
40667
40666
40665
40664
40663
40662
40661
40660
40659
4261
4262
4263
4264
4265
4266
4267
40658
40657
40656
40655
40654
40653
40649
40648
40647
40646
40645
8389
8390
4281
4282
4283
4284
4285
4286
4287
4288
4289
4290
4291
4292
4293
4294
4295
4296
4297
4298
4300
4301
8391
8392
8393
8394
8395
8396
8397
8398
8399
8400
8401
8402
8403
40602
40574
40551
40550
40549
8404
4321
4322
4324
8405
8406
8407
8408
8409
8410
8411
8412
8413
8414
8415
8416
8417
8418
8419
8420
4341
4342
4343
8421
8422
40525
8423
8424
8425
8426
8427
8428
8429
8430
8431
8432
8433
8434
8435
8436
4361
4362
4363
8437
8438
8439
8440
8441
8442
8443
40501
40500
40493
40492
40491
40490
40489
40488
40487
40486
4381
4382
4383
4384
4385
4386
40485
8446
8447
8460
8461
8462
8464
8465
8466
8467
8469
8470
8471
8481
4401
4402
4403
8484
40465
8485
8492
8493
8494
8495
8496
8497
8498
8499
8500
8501
8502
8503
8504
8505
4421
8506
8507
8508
8509
8510
40423
40422
40421
40420
40419
40418
40417
40416
40415
40414
40413
40399
40398
40397
4441
4442
4443
4444
4445
4446
4447
4448
4449
4450
4451
40396
40394
40393
40392
40391
40390
40389
40388
40387
4461
4462
4463
4464
4465
4466
4467
40386
40385
8511
8512
70000
70001
70002
70003
8513
8514
8515
8516
8519
4481
4482
4483
4484
4485
4486
4487
4488
4489
4490
4491
4492
4493
4494
4495
4496
70025
70026
70027
70028
4501
4502
4503
4504
4505
4506
4507
4508
4509
4510
4511
4512
4513
8520
8521
8522
8523
8524
8525
8526
4521
70050
70051
70052
70053
70054
70055
70056
70057
70058
8527
8528
40368
40367
40366
40365
8529
8532
8533
8534
8535
4542
8536
8537
8538
8539
8540
8541
8542
8543
8544
8545
8546
40347
40346
40345
8548
8549
8550
8551
4561
8552
8553
8554
8555
8556
8557
8558
8559
8560
8561
8562
40328
40327
8572
8573
8574
8575
8576
8577
4581
8578
8579
8580
8581
8582
8583
8584
8585
8586
8587
8588
8589
8590
8591
8592
8594
8595
8596
8597
4601
4602
4603
4604
4605
4606
8598
8599
8600
8601
8602
8603
8604
8605
8606
40285
8607
8608
8609
8610
4621
8611
8612
8613
8614
8615
8616
40272
40271
40270
40269
40268
40267
40266
40265
40264
40263
40262
40250
8619
4641
4642
8620
8621
8622
8623
8624
8625
8626
8627
8628
8629
8630
8631
8632
40227
40225
8633
8634
8635
4661
8636
8637
8638
8639
8640
8641
8643
8644
8645
8646
8647
8648
8649
8650
8651
40205
8652
8653
8654
4681
8655
8656
8657
8658
8659
8660
8661
8662
40193
8663
8664
8665
8666
8667
8668
8669
8670
8671
8672
4701
8673
8674
8675
8676
8677
8678
8679
8680
8681
8682
8683
8684
8685
8686
8687
8688
8689
8690
40166
4721
4722
4723
4724
4725
4726
4727
4728
4729
4730
4731
4732
4733
4734
4735
4736
4737
4738
4739
4740
4741
4742
4743
8692
8693
8694
8695
8696
8697
8698
8699
8700
8701
8702
8703
8704
40165
40150
8707
8708
4761
4762
4763
4764
4765
4766
4767
4768
4769
4770
4771
8709
8710
8711
8712
40149
40147
40146
40145
8717
4781
4782
4783
4784
4785
4786
4787
4788
8718
8719
8720
8721
8722
8723
8724
8725
8726
8727
8728
8729
4801
4802
4803
4804
4805
4806
4807
4808
4809
4810
4811
4812
4813
8730
8731
8732
8733
8734
8735
8736
4821
4822
8737
8738
8739
8740
8741
8742
8743
8744
8745
8746
8747
8748
8749
8750
8751
8752
8753
8754
4841
4842
8755
8756
8757
8758
40132
40131
8761
8762
8763
8764
8765
8766
40130
40129
40128
8770
8771
8772
4861
4862
4863
4864
4865
4866
4867
8773
8774
8775
8776
40127
40126
8779
8780
8781
8782
8783
8784
8785
4881
4882
4883
8786
8787
8788
8789
8790
8791
8792
8793
8794
8795
8796
8797
8798
8799
8800
8801
8802
4901
4902
4903
4904
4906
4907
8804
8805
8806
8807
8808
8809
8810
8811
40125
40106
40105
40185
40186
4921
40187
40188
8819
8820
8821
8822
8823
40189
8825
8826
8827
8828
8829
8830
8831
8832
8833
40190
8835
4941
8836
8837
8838
40191
40192
8841
8842
8843
40085
40066
40065
40046
40045
40025
40005
39988
39987
39986
40226
4961
4962
4963
4964
4965
4966
4967
4968
4969
4970
4971
4972
4973
4974
4975
4976
40242
40243
40244
40245
4981
4982
4983
4984
4985
4986
4987
40246
40247
40248
40249
40251
40252
40253
40254
40255
40256
40257
40258
40259
5001
5002
40260
40261
40305
40326
8992
9000
9001
9003
9004
9009
9010
9012
9013
9014
9015
9016
9017
80722
5021
5022
5023
9026
9027
9028
9029
9032
9033
80700
40395
40400
40401
40402
40403
40404
40405
40406
40407
5041
5042
5043
5044
5045
5046
5047
5048
5049
5050
5051
5052
5054
5055
5056
5057
5058
5059
5060
5061
5062
5063
5064
5065
5066
5067
5068
40408
40409
40410
40411
40412
40424
40425
40426
40427
40428
40429
40430
5081
5082
5083
5084
5085
5086
5087
5088
5089
5090
5091
5092
5093
5094
5095
5096
5097
5098
40431
40432
5102
5103
40433
40434
40435
40436
40437
40438
40439
40440
40441
40442
40445
40446
9125
9126
9127
40467
40468
5121
5122
5123
5124
5125
5126
5127
5128
40494
40495
40496
40497
40498
40499
40502
40545
40546
40547
40548
40552
5141
5142
5143
5144
5145
5146
5147
5148
5149
5150
5151
5152
5153
5154
5155
5156
5157
5158
5159
5160
5161
5162
5163
5164
5165
5166
5167
5168
40553
40554
40555
40556
40557
40558
40559
40560
40561
40562
40563
40564
5181
40565
40566
40567
40568
40569
40570
40571
40572
40573
40575
40576
40577
40578
40579
40580
40581
40582
40583
40584
5201
5202
5203
5204
5206
5210
5211
5212
5213
5214
5215
5216
5217
5218
5219
5220
5221
5222
5223
5224
5225
5226
5227
5228
5229
5230
5231
5232
5233
5234
5235
5236
5237
5238
40585
40586
5241
5242
5243
5244
5245
5246
5247
5248
5249
5250
5251
5252
5253
40587
40588
40589
40590
40591
40592
40593
5261
5262
5263
5264
5265
40594
40595
40596
40597
40598
40599
40600
40601
40603
40604
40605
40606
40607
40608
40609
5281
5282
5283
5284
40610
40611
40612
40613
40614
40625
40626
40627
40628
40629
40630
40631
40632
40635
40636
41531
5301
5302
41532
41552
5305
5306
5307
41562
41564
807
820
50000
50005
80400
50321
50326
50328
50331
50332
60107
5321
60108
60109
60110
20003
70020
70029
70030
70031
70032
80745
80740
80721
80720
80704
80703
80702
80701
40637
40638
5341
5342
5343
5344
40641
40685
40686
40687
40688
40689
40690
40669
40672
80343
80341
80321
80320
80304
80322
80290
5361
80289
80265
80264
80263
80262
80261
80260
80220
40785
40786
40725
40726
80120
40880
80101
70049
70034
70033
70023
5381
5382
5384
5385
5386
70022
70021
41180
41182
41183
41184
41185
41277
41278
41314
41315
41319
55050
55049
5401
5402
5403
5404
5405
5406
5407
5408
55048
55047
41320
41321
40805
40806
40807
40808
40809
40810
40811
40813
5421
40814
40815
40816
40817
40818
40819
40830
40841
40842
40843
40844
40845
40865
40866
40867
40868
40869
40870
40871
5441
40872
40873
40874
40875
40876
40877
40878
40879
41629
41628
41627
41626
41625
40885
40886
40888
40905
40906
40907
5461
5462
5463
5464
5465
5466
40908
40909
40910
40911
40912
40913
40914
40918
40919
40920
40921
40922
40923
40924
5481
5482
40925
40926
40927
40928
40929
40930
40931
40932
40933
40934
40935
40948
40949
40950
40951
40952
40953
40954
5501
5502
5503
5504
5505
5507
5508
5509
5510
5511
5513
5514
5515
5517
5518
5519
5521
5522
5524
5525
5526
5527
5528
5529
5531
5533
5534
5535
5536
5537
5538
40955
40957
5541
5542
5543
5544
5545
40960
40961
40962
40963
40964
40966
40967
40968
40969
40970
40971
40972
40973
40974
40975
5561
40976
40977
40978
40979
40980
40985
40987
40988
40989
40990
40991
40992
40993
40994
40995
40997
41000
41001
41002
5581
5582
41003
41004
41005
41006
41007
41008
41009
41010
41011
41012
41013
41014
41015
41016
41017
41018
41019
41020
5601
41021
41022
41023
41024
41025
41493
41492
41026
41027
41029
41030
41031
41032
41033
41034
41035
41036
41037
41038
5621
5622
5623
5624
5625
5626
5627
5628
5629
5630
5631
5632
5633
5634
5635
5636
5637
5638
5639
5640
5641
5642
5643
5644
5645
5646
5647
5648
5649
5650
5651
5652
41039
5654
5655
5656
5657
5658
5659
5660
5661
5662
5663
41040
41041
41042
41043
41044
41045
41046
41047
5672
5673
5674
5675
5676
5677
5678
5679
5680
41048
41049
41050
41051
41052
41053
41054
41055
41056
41057
41058
41059
41060
41061
41062
41064
41065
41066
41067
41069
41070
41071
41072
41073
41074
41075
41076
41077
41078
41079
41080
41081
5713
41082
41083
41084
41085
41086
41087
41088
5721
5722
5723
5724
5725
5726
5727
5728
5729
5730
41090
41096
41097
41098
41099
41100
41101
41420
41103
41104
5741
5742
41105
41106
41108
41109
41110
41111
41112
41113
41114
41115
41117
41118
41119
41120
41121
41122
41123
41126
5761
5762
5763
41127
41128
41129
41130
41131
41132
41133
41134
41135
41136
41137
41138
41139
41147
41148
41149
41150
5781
41151
41152
41153
41154
41155
41156
41157
41158
41159
41160
41161
41162
41163
41164
41379
41378
41377
55222
55218
5801
5802
5803
5804
55217
55216
55213
55212
55211
55210
55209
55208
55207
41376
41375
41374
41373
41368
41367
5821
41366
41186
41187
41188
41189
41190
41191
41192
41193
41194
41195
41198
41199
41200
41201
41202
41203
41204
41205
5845
5846
5848
41206
41207
41208
41209
41210
55000
55001
55002
55003
55004
55005
55006
5861
5862
5863
55010
55011
55012
55013
55014
55015
55016
55017
55018
55019
55020
55021
55022
55023
41211
55025
55026
5881
5882
5883
5884
5885
5886
5887
5888
5889
5890
5891
5892
5893
55040
55041
55042
55043
55044
55045
55046
5901
5902
5903
5904
55051
41212
41213
41216
55055
55056
41217
41218
41219
41220
41221
41222
41223
41224
41225
41226
5921
5922
5923
5924
5925
5926
5927
5928
5929
5930
5931
5932
41228
41229
41230
41231
41232
41233
41234
41235
5941
5942
5943
5944
41236
41237
41238
41239
41240
41241
41242
41243
41244
55100
55101
41245
41246
41247
41248
41249
5961
41250
41251
41252
41253
41254
41256
41257
41258
41259
41260
41261
41262
41263
41264
41265
41266
41267
41268
41269
5981
41270
41272
41273
41274
41275
41276
41279
41280
41281
41282
41283
41284
41285
41286
41287
41288
41289
41290
6000
6001
6002
41291
6004
41292
41293
41294
41296
41297
41298
41299
41300
41301
41302
41303
41304
41305
41306
41308
41309
6021
6022
6023
6024
6025
6026
6027
6028
6029
6030
6031
6032
41313
41316
41317
41318
41329
55009
55008
55007
6041
6042
41354
41355
41356
41357
41358
41359
41360
41362
41363
41364
41365
55200
55201
55202
55203
55204
55205
55206
6061
6062
6063
6064
6065
6066
6067
6068
6069
6070
6071
6072
6073
6074
6075
6076
55223
55224
55225
41380
6081
6082
6083
6084
6085
6086
6087
6088
6089
41381
41382
41383
41384
41385
41386
41387
41388
41389
41390
41391
6101
6102
6103
41392
41393
41394
41396
41397
41398
41399
41400
41401
41402
41403
41404
41405
41406
41407
41408
41409
6121
6122
6123
6124
6125
6126
6127
6128
6129
6130
6131
6132
6133
6134
6135
6136
41410
41411
41412
41413
6141
6142
6143
6144
6145
6146
6147
6148
41414
41415
41416
41418
41419
55300
41421
41422
41423
41424
41425
41426
6161
6162
6163
6164
6165
41427
41428
41429
41430
41431
41432
41433
41434
41435
41436
41437
41438
41439
41441
41442
6181
6182
6183
6184
6185
6186
6187
41443
41444
41446
41447
41448
41449
41450
41451
41453
41454
41455
41456
41457
41458
41459
41460
41461
41462
41463
41464
41465
41466
41467
41468
41469
41470
41471
41472
41473
41474
41475
41476
6221
41477
41478
41479
41480
41481
41482
41483
41484
41485
41486
41487
41488
41490
41491
39000
39001
41494
41495
41496
6241
41497
41498
41499
41500
41501
41502
41504
41505
41506
41507
41508
41509
41510
41511
41512
41513
41514
41515
41516
6261
41517
41518
41519
41520
41521
41522
41523
41524
41525
41526
41527
41528
41529
41530
41533
41534
41535
41536
41537
6281
6282
6283
6284
6285
41538
41539
41540
41541
41542
41543
41544
41545
41546
41547
41548
41549
41550
41551
41553
6301
41554
41555
41556
41557
41558
41559
41560
41561
41563
41565
41566
41568
41569
41570
41571
41572
41573
41574
41576
6321
6322
6323
6324
41578
41579
41580
41581
41582
41583
41584
41585
41586
41587
41588
41589
41590
41591
41592
41593
6341
6342
6343
6344
41594
41595
41596
41597
41598
41599
41600
41601
41602
41603
41604
41605
41606
41607
41608
41609
6361
6362
6363
6364
6365
41610
41611
41612
41613
41614
41615
41616
41617
41618
41619
41620
41621
41622
41623
41624
6381
6382
6383
6384
6385
6386
6387
6388
6389
6390
6391
6392
6393
6394
6395
80115
80116
80117
80118
80119
6401
6402
6403
41630
41631
41632
41633
41649
41650
41651
41652
41653
41654
41655
41713
41714
41715
41743
41744
41745
6421
50003
50006
50227
50230
50305
50310
50312
50313
50315
50316
50318
50319
50322
50323
50330
41353
41352
41351
41350
6441
6442
41349
41348
41347
41346
41344
41343
41342
41341
41340
41339
41338
41337
41336
41335
41334
41333
41332
41331
6461
6462
41330
41328
41327
55027
55028
55029
55030
55031
55032
55035
55036
55037
55038
55039
41326
41325
41324
41323
6481
6482
41322
80203
80204
80205
80206
80207
80208
80209
80210
80211
80212
80213
80214
80215
80216
80217
41181
80219
6501
6502
6503
6504
41179
41178
41177
41176
41175
41174
41173
41172
55215
41171
41170
41169
55219
55220
55221
41168
6521
6522
6523
41167
41166
41165
41102
60119
60120
60121
80250
80251
80252
80253
80254
70040
80256
80100
80258
80102
6541
6542
6543
6544
6545
6546
6547
6548
80103
80104
80105
80106
80107
80108
80109
80110
40884
40883
40882
40881
6561
6562
6563
6564
6565
6566
6567
6568
6569
6570
6571
80291
80292
80121
80200
80201
40790
40789
40788
40787
6581
6582
6583
6584
6585
80305
80306
80307
80308
80309
80310
80311
80312
80313
80314
80315
80300
80301
80302
80303
6601
6602
6603
6604
6605
6606
6607
6608
6609
6610
6611
6612
80332
80333
80334
80323
80330
80331
80340
80339
6621
6622
6623
6624
6625
6626
6627
6628
6629
80342
80350
80360
80352
80353
40668
80380
80381
40652
40651
40650
6641
6642
6643
6644
6645
6646
80366
40640
40639
80369
80370
80371
80372
80373
80374
80375
80376
80377
80378
80379
6661
6662
80382
80383
80384
70024
80386
70010
80388
60138
80390
80391
80392
80393
60104
80395
80396
80397
80398
80399
6681
80401
50004
80403
80404
80405
41567
80407
80408
80409
80410
80411
41440
41295
41227
41146
41145
41144
41143
41142
6701
41141
41140
41107
41095
41094
41093
41091
41068
40999
40998
40996
40986
40984
40983
40982
40981
40965
40959
40958
6721
6722
9665
9664
9389
9388
9386
9378
9368
9367
6741
9365
9364
9362
9343
9341
9339
9338
9337
9336
9335
9334
9333
9332
9331
9330
9326
9325
9324
6761
6762
9323
9322
9321
9318
9317
9310
9304
9302
9301
9300
9299
9295
9292
9272
6781
9271
9270
9269
9268
9267
9266
9265
9264
9263
9262
9261
9260
9259
9257
9251
9250
9248
9247
6801
9246
9245
6804
6805
9244
9243
9242
9241
9240
9239
9238
9237
9236
9235
9234
9233
9232
9230
9229
6821
6822
6823
6824
6825
6826
6827
9228
9227
9226
9225
9224
9223
9222
9221
9213
9211
9210
9209
9208
9206
6844
6845
6846
6847
6848
9205
9204
9203
9202
9201
9200
9198
9197
9196
9195
9194
9191
6861
6862
9190
9188
9187
9186
9185
9184
9183
9182
9181
9178
9165
9154
9153
9142
9141
9137
9136
9132
6881
9131
9129
9128
80604
80605
80606
9124
9123
9122
9121
9120
9118
9117
9116
9115
9114
9113
9112
9111
6901
9110
9109
9108
9107
9106
9105
9104
9103
9102
9101
9100
9099
9098
9097
9096
9095
9094
9093
9092
6921
6922
9091
9090
9089
9088
9087
9086
9085
9084
9083
9082
9081
9080
9079
9078
9077
9075
9074
9073
6941
6942
6943
9072
9071
9070
9069
9068
9063
9061
9060
9059
9058
9057
9056
9055
9054
9053
9052
6961
6962
6963
6964
9051
9049
9048
9047
9046
9045
9044
9043
9042
9041
9040
9039
9038
9037
9036
9034
6981
6982
6983
6984
6985
80705
80706
80707
80708
80709
80710
80711
9025
9024
9023
9022
9021
9020
9019
9018
7001
7002
7003
80723
80724
80725
80726
80727
80728
80729
80730
9008
9007
9006
9005
80735
80736
9002
80738
80739
7021
7022
7023
7024
7025
7026
7027
7028
7029
8999
8997
8996
8995
8994
8993
80755
8991
8990
8989
8988
7041
7042
7043
7044
7045
7046
8987
8986
8985
8984
8983
8982
8981
8980
8979
8978
8977
7061
7062
7063
7064
7065
7066
7067
7068
7070
8970
8969
8968
8967
8966
8965
8964
7081
7082
8963
8962
8961
8960
8959
8958
8957
8956
8955
8954
8953
8952
8951
8950
8949
8948
8947
8946
7101
7102
8945
8944
8943
8942
8941
8940
8939
8938
8937
8936
8935
8934
8933
8932
8930
8929
8928
8927
7121
7122
7123
7124
8926
8925
8924
8923
8922
8921
8920
8919
8918
8917
8916
8915
8914
8913
8912
8911
7141
7142
8910
8909
8908
8907
8906
8905
8904
8903
8902
8901
8900
8899
8898
8897
8893
8883
8882
8881
7161
7162
7163
7164
7165
7166
7167
7168
7169
7170
7171
7172
8880
8879
8878
8877
8876
8875
8874
8873
7181
8872
8871
8870
8868
8867
8866
8865
8864
8863
8862
8861
8860
8859
8858
8857
8855
8854
7201
7202
8853
8852
8851
8850
8849
8848
8847
8846
8845
8844
39977
39978
39979
8840
8839
39982
39983
39984
7223
7224
39989
8834
39991
39992
39993
39994
39995
39996
39997
39998
39999
8824
40001
40002
40003
40004
7241
40006
8818
8817
8816
8815
8814
8813
8812
40014
40015
40016
40017
40018
40019
40020
40021
40022
40023
40024
7261
40026
40027
40028
40029
40030
40031
40032
40033
40034
40035
40036
40037
40038
40039
40040
40041
40042
40043
40044
7281
7282
40047
40048
8778
8777
40051
40052
40053
40054
40055
40056
40057
8769
8768
8767
40061
40062
40063
40064
7301
7302
40067
40068
8760
8759
40071
40072
40073
40074
40075
40076
40077
40078
40079
40080
40081
40082
40083
40084
7321
40086
40087
40088
40089
40090
40091
40092
40093
40094
40095
40096
40097
40098
40099
40100
40101
40102
40103
40104
7341
7342
40107
40108
40109
40110
40111
40112
40113
40114
40115
8716
8715
8714
8713
40120
40121
40122
40123
40124
7361
7362
7363
7364
7365
7366
7367
7368
40133
8706
8705
40136
40137
40138
40139
40140
40141
40142
40143
40144
7381
7382
7383
40148
7385
7386
40151
40152
40153
8691
40155
40156
40157
40158
40159
40160
40161
40162
40163
40164
7401
7402
40167
40168
40169
40170
40171
40172
40173
40174
40175
40176
40177
40178
40179
40180
40181
40182
40183
40184
7421
7422
7423
7424
7425
7426
7427
7428
7429
40194
40195
40196
40197
40198
40199
40200
40201
40202
40203
40204
7441
40206
40207
40208
40209
40210
40211
40212
40213
40214
8642
40216
40217
40218
40219
40220
40221
40222
40223
40224
7461
7462
7463
40228
40229
40230
40231
40232
40233
40234
40235
40236
40237
40238
40239
40240
40241
7478
7479
7480
7481
7482
7483
7484
7485
7486
7487
7488
7489
7490
7491
7492
7493
7494
7495
7496
7497
7498
7499
7500
7501
7502
7503
7504
7505
7506
7507
7508
7509
40274
40275
40276
40277
40278
40279
40280
40281
40282
40283
40284
7521
40286
40287
40288
40289
40290
40291
40292
40293
40294
40295
40296
40297
40298
40299
40300
40301
40302
40303
40304
7541
40306
40307
40308
40309
40310
40311
40312
40313
40314
40315
40316
40317
40318
40319
40320
40321
40322
40323
40324
40325
7562
7563
7564
40329
40330
40331
40332
40333
40334
40335
40336
40337
40338
40339
40340
40341
40342
40343
40344
7581
7582
7583
40348
40349
40350
40351
40352
40353
40354
40355
40356
40357
40358
40359
40360
40361
40362
40363
40364
7601
7602
7603
7604
40369
40370
40371
40372
40373
40374
40375
40376
40377
40378
40379
40380
40381
40382
40383
40384
7621
7622
7623
7624
7625
7626
7627
7628
7629
7630
7631
7632
7633
7634
7635
7636
7637
7638
7639
7640
7641
7642
7643
7644
7645
7646
7647
7648
7649
7650
7651
7652
7653
7654
7655
7656
7657
7658
7659
7666
7667
7668
40443
40444
40447
40448
40449
40450
40451
40452
40453
40454
40455
40456
40457
40458
40459
40460
40461
40462
40463
40464
7701
40466
7703
40469
40470
40471
40472
40473
40474
40475
40476
40477
40478
40479
40480
40481
40482
40483
40484
7721
7722
7723
7724
7725
7726
7727
7728
7729
7730
7731
7732
7733
7734
7735
7736
7737
7738
40503
40504
40505
40506
40507
40508
40509
40510
40511
40512
40513
40514
40515
40516
40517
40518
40519
40520
40521
40522
40523
40524
7761
40526
40527
40528
40529
40530
40531
40532
40533
40534
40535
40536
40537
40538
40539
40540
40541
40542
40543
40544
7781
7782
7783
7784
7785
7786
7787
7788
7789
7791
7792
7793
7794
7795
7796
7798
7799
7800
7801
7802
7803
7804
7805
7806
7807
7808
7809
7810
7811
7812
7813
7814
7815
7816
7817
7818
7819
7820
7821
7822
7823
7824
7825
7826
7827
7828
7829
7830
7831
7832
7833
7834
7835
7836
7837
7838
7839
7840
7841
7842
7843
7844
7845
7846
7847
7848
7849
7850
40615
40616
40617
40618
40619
40620
40621
40622
40623
40624
7861
7862
7863
7864
7865
7866
7867
7868
40633
40634
7871
7872
7873
7874
7875
7876
7877
40642
40643
40644
7881
7882
7883
7884
7885
7886
7887
7888
7889
7890
7891
7892
7893
7894
7895
7896
7897
7898
7899
7900
7901
7902
7903
7905
40670
7907
40673
40674
40675
40676
40677
40678
40679
40680
40681
40682
40683
40684
7921
7922
7923
7924
7925
7926
7927
7928
7929
7930
7931
7932
7933
7934
7935
7936
7937
7938
7939
7940
7941
7942
7943
7944
7945
7946
40711
40712
40713
40714
40715
40716
40717
40718
40719
40720
40721
40722
40723
40724
40727
40728
40729
40730
40731
40732
40733
40734
40735
40736
40737
40738
40739
40740
40741
40742
40743
40744
7981
40746
40747
40748
40749
8321
8320
40752
40753
40754
40755
40756
40757
40758
40759
40760
40761
40762
40763
40764
8001
40766
40767
40768
40769
40770
40771
40772
40773
40774
40775
40776
40777
40778
40779
40780
40781
40782
40783
40784
40791
40792
40793
40794
40795
40796
40797
40798
40799
40800
40801
40802
40803
40804
8041
8042
8043
8044
8045
8046
8047
8048
8049
8050
8051
8052
8053
8054
8055
8056
8057
8058
8059
8060
8061
8062
8063
8064
8065
8066
8067
8068
8069
8070
8071
8072
8073
8074
8075
8076
8077
8078
8079
8080
8081
40846
40847
40848
40849
40850
40851
40852
40853
40854
40855
40856
40857
40858
40859
40860
40861
40862
40863
40864
8101
8102
8103
8104
8105
8106
8107
8108
8109
8110
8111
8112
8113
8114
8115
8116
8117
8118
8119
8120
8121
8122
8123
8124
40889
40890
40891
40892
40893
40894
40895
8242
40897
40898
40899
40900
40902
40903
40904
8141
8142
8143
8144
8145
8146
8147
8148
8149
8150
8151
8228
8153
8154
8155
8156
8157
8158
8159
8160
8161
8162
8163
8164
8165
8166
8167
8168
8169
8170
8171
40936
40937
40938
40939
40940
40941
40942
40943
40944
8181
8182
8183
8184
8185
8186
8187
8188
8189
8190
8192
